2859824479
2213160478
1116677680
1801839794
1553234445
987227887
3129661903
3667898796
3457661078
740595631
3329475762
2039333393
2335222039
4065626530
2488872785
1553948513
952716882
1984788693
2781476388
1207202913
1628881769
4638519854
952159930
4831061374
1595469586
3611724462
957685574
1599028438
2814420021
3257536418
2256337931
460790519
2356123844
3475113562
1937460941
1577239679
2793519318
1338672271
536036685
2426127224
1919402968
1085857756
2756641067
1652430164
2011892339
1370702450
3822609396
2663938211
1683979649
1911302250
1884560718
1977926100
3373017609
3425891945
2257501567
1593275593
1687848916
2213194370
4817143871
3838981740
1950625786
1098730545
1310633293
2578752447
2242349666
1138040638
692095232
176393712
2481010635
3491326284
39537091
1591900766
3809853241
1596912843
1516054355
1517676579
1402230806
1723523228
2525449456
353828219
2220490291
1488957651
1092383753
2461930646
2359518783
1241079578
1917417582
2418507256
545696358
1847413499
1482133817
1572532594
4004091140
1793961478
467968310
518651051
4036712810
2672554012
2410046423
4344700683
4928886170
1483182071
1511837777
1227249303
1536171487
4532651022
4669937540
4542239660
319740551
1553935680
3110091209
2462842569
2511046684
1292206680
2308598618
1848643587
1221414980
4376144766
2033818093
1820373823
1372349329
1973057402
4258902179
2324856033
747860026
2692827777
3405749939
63192388
2444453666
3736243121
1942177730
767823702
122487312
2233231470
1710278067
1519281868
1853544415
1091419974
2516599726
3103283824
4149006478
4476869001
330361329
1918670992
1925582164
1960548860
2055181513
1385862494
1073841655
612259896
1813603329
1192850780
2230083690
1306824178
1925390316
1272483793
2555891000
2329089851
1008025042
1973644185
1179915674
748852260
586669666
1166657833
310092032
4493800643
2285691923
376767491
3412266761
1539690508
1944227335
1683340081
2411901063
97967521
2575559249
2360404494
3918806854
1932597196
2892219038
1760419844
2471395439
1447854330
1606558092
1536745900
2407821536
1954622259
1613326771
1840005740
1291394618
1954117209
2520679217
1839375862
1339336790
1083498613
1902374892
321662914
1406816136
1855678526
1896398539
2296272655
4084890186
2365282743
3371928679
2850009874
4754055633
2722859300
929333037 
3635499012
1689114661
1850578575
1663793397
3176303911
3403956389
3438400900
2295995683
588795513
1553283905
2530646589
3164837652
1039362355
2003512988
2844174632
1911971599
1928445330
1763247173
2690528645
3162285535
3987604159
1511502454
1571873967
2224150664
184071252
1491854356
2292331774
1994916389
4033618104
3939422109
3691491546
3685678384
447249827
1882472017
870325580
2023223359
2387268737
1761870330
1838379118
2049766958
2342817342
1578110884
2474411193
249894129
2703512953
1499589433
1772804152
3162298477
1321762010
2236469954
2846184802
1787744417
2725458626
1514263936
1966102205
2028419356
2244921107
2671455798
2236231499
471266223
2238108893
657332825
1524886204
1960287257
2067049148
1486776650
2203910863
520479921
2256035644
4594014266
3427698096
1993439632
2697167965
1993774595
1993745701
1164210219
2313466509
697180795
1896673920
1705999387
1409468490
2274726353
2665970551
1734933218
514945786
1441101296
2490635870
1698855409
3115941500
1439706977
2988780759
725521631
2506436807
2436984895
3687934943
1982294202
3711210420
2014282179
3816646688
118429115
3159088380
2247341523
476778742
2210031638
1919416166
2215575404
2245503090
2426493190
2061244879
2777252098
540046309
973881097
4420913742
258841813
2645133904
3533534753
2419570350
854869494
2644501307
1931563999
2048495682
1532013994
3217960941
5029892194
3882764949
4449334236
1894870709
1561717328
162889359
1634968337
1839896887
1223564908
3504981089
1601039317
3200313110
3051032589
1543887369
1029524613
2683406858
1156896182
1166400744
424493737
1082816333
773187034
3018076159
2456793906
2883927826
3759700474
1628896082
1386240097
1068803994
1707001109
1928184984
1030924072
3164814586
4421181963
2039946163
3576114724
3452113955
3298808444
3638151087
2903298474
962180724
3743841898
2924060401
1750297177
2001236858
4391365555
2777181469
2769132325
4070008559
4728362765
724761379
3577135256
4631613967
4068600426
4122018166
4878914600
3192272197
3773061207
4124230559
3547537810
3797804270
1553193862
2065647646
3442679074
3049329533
891169301
2228291402
3867333073
1374034744
1896398539
2381657009
3351090909
1357072244
2842917796
1532532392
1509567797
3840079201
683162364 
4145389222
3525921512
848974669
983799958
1814457582
2731725416
1308320968
576984298
2534455295
390537380
1230497428
4315202096
708874429
2369942167
725023517
1392424483
510893885
1583689543
1389946859
1393944573
1459988514
37863959
1534282715
1586441507
1213598089
1500937491
1867454568
2838714456
1286311639
1337382473
1483467974
962495486
3823367500
1306298105
3649408706
1505275867
1797764192
1390302064
1335463577
1617212768
1573236825
1267940359
1341534710
1315408260
1381179405
1963902953
2809686491
1297906219
1336479559
2222313130
1034564021
1483555967
603939696
1517676579
3623168215
3825256792
1507194516
1354773058
1287265180
1370710253
1511174707
1630642226
1551690293
1451753177
1341008271
1548464625
907342747
1258201345
1586997763
873640014
1339487542
1460570747
1222042804
1842282827
1842412867
1547212115
1162592789
1524193868
1707685651
1364019809
1517582121
1306283648
1352348189
1521863417
1520674507
2253797616
1386709005
1343606813
1270465391
1342621260
1379986474
1018638433
1280087756
972027140
968752721
1379205697
1343057054
1495971266
2763564634
1783419792
1401924258
1290003625
1677023382
739887605
1353780603
1504757400
1408075019
2355450090
1022287927
1164107418
1206180291
1470168498
1439489672
1549385267
1546405391
1737731034
1392097313
2992292859
4104963790
4106791611
3059333442
1332972591
1322258301
397506924
1524932580
1380820858
3343390622
1549827431
1322615019
1559024261
1339046324
2267604920
1580177024
2338103891
1356987177
2423838484
3823459731
1146779349
1069453359
1297879997
1384876451
1359482448
1316551799
1236169214
1561379993
1441542775
1729357748
1418235658
1470957204
1819643727
1343735344
1405487855
1496807095
1094872337
729124980
962363458
1384888594
1487438026
1340328592
1517890667
3676719589
914804668
1532140305
1455839188
1469352982
1527979005
4089793543
1015612543
2662657718
1251914853
2519468000
1315101627
1309866464
1377857555
1570489316
1185245347
1352502140
1613000183
1332909327
1692393971
1956851432
1489941508
3927708160
1471370124
1367421545
2039679352
1497832679
963738522
1770080747
1441662144
1596919642
3342730566
3615487571
1461946078
1896398539
3690945607
2428027993
1556207631
2401935768
2301961720
2797323242
590061163
1306625876
2300805510
3033969571
2239960298
1887579016
1805177328
2721421657
2238212413
2508562532
3122886659
1660619697
1739954532
2396883966
2757292977
4229893415
2381292659
2200055881
2540837181
3595469829
1697865403
3288471988
3776200064
2607406357
2053247534
2509172392
670829437
1660798677
4002528748
3895040935
1942795862
2296584274
3573979058
2208775861
2384605191
2009511697
1434119445
2975576336
3608130386
3626503608
590866440
1868594280
1298286540
2403417612
1841780428
3846875872
3570985658
2585819042
1134401882
40021549
1880223737
2661167243
2604997548
2425722172
1306629766
3089665003
3124561723
2841958398
1312035439
2366252312
299789847
2973296894
1897450457
2341487857
2668104923
3584283081
2485894986
2652461122
822453606
3115566150
2537956926
1009523998
4100633484
3120664319
2796968871
3499177086
2381129163
1326460115
471603428
416594057
5017704907
5147803697
2469675504
2378547941
1618931175
2549795724
690275876
3856573567
2421693018
669225643
2331344770
3305385161
2399140169
3258426790
370853270
3040923388
3818344357
994175224
4741098026
687525528
1195630445
2597322450
1131909950
1686412414
2377981037
997206181
2236438554
3712351753
4122181139
2582138057
1745454542
2767587015
4242050198
2447765105
3555591055
1897027472
1926405769
2714210140
2463286391
1023043151
3091462781
2317080854
2317604183
2717196886
3923794169
3295599756
1388726787
1782529074
2723016621
1941766407
3202638198
2656512667
2237811541
2203072312
1847204819
1543378960
1981664969
4063270901
1177723890
3624213506
3111266807
3723010856
4685281887
3130569701
2532725045
1732168557
1995798119
1983550417
1930234942
126008671
771360799
2397009931
103136478
3025802401
3088630990
2511031633
1842589986
2770621257
2647194404
3350711780
2488930170
561310047
4084252770
2471937242
1448497727
2719237116
1229518188
1055296608
521452062
3597656261
4229107861
2422002284
2781162059
2704016180
3698077653
2364430774
3068256801
2609671076
2055565125
3467965962
1432815988
2993049243
2743874948
2299693430
3122772165
3017289851
1027920737
2474221014
291731351
129305078
1896398539
1116677680
1801839794
1637347264
2994378260
2256170860
3726561012
2644647270
1149634756
2950139838
2484468313
2692375057
1807603879
3657299176
2838656386
1328327974
2623184726
4760665104
1692875520
4082949434
1174339991
3792832281
2867257701
4714582630
2779384065
3757090335
3685182582
3798371388
2733905193
2780126834
2356123844
1951537678
3121808708
2362363911
2583854320
3674516380
1927741382
2394045556
2948207969
2756641067
2567882627
2808650934
2587129493
3822609396
3141545957
1467094576
1318468703
2950652717
2320967310
2843449469
2750238183
2061604311
2818035627
1467221951
3508143614
3498051328
169733224
4717821540
2755871682
4030995578
2667864673
3105079053
2522368612
2778612904
2862462700
1055810674
3704338363
2523767187
3711713043
4070462393
3887194041
3678780261
3723825702
4899420776
3696041619
1368534521
3998620412
2667865172
2448217743
3137323601
2241330718
2966328878
1440206706
2282727985
2431512483
2766112309
2700390890
2841191734
3911476288
4443561754
2844654787
2792845671
2886271345
2625944317
3810085688
2247578855
387837275
211547658
3998924936
2814003973
1188469891
2685037500
2843196474
2476964980
3117465660
2803208283
4344700683
4322307328
3960941627
2858970256
1436442722
2591039930
2546810638
4451466567
2819656965
3016298189
2710832820
1236219467
2463286730
2008876254
5033748850
1463715147
3876990376
2537351591
4041408809
1214360160
2808593505
2866866734
879442276
4110926437
2838895339
2791106830
3178915104
3736243121
1255530078
2427498435
2972789162
3655675745
3671221666
914477002
4438350080
1558076437
2516599726
1244692847
3103283824
3631248267
2792464881
2688072578
2942802467
2392444988
2832240040
1918670992
3697387195
2000996367
3619876209
4790483228
3152645205
4648414740
3181511796
2294587636
2633524540
5024092336
748852260
2913293515
2780185342
2952841811
1531835092
1004970996
3094145911
3344544334
3207191694
2850259587
1263419265
2230030792
2906912322
1977603803
1230102987
2862143129
2294703671
2360404494
1941859479
1400502231
3760185743
2446425968
1181306429
1392427957
4154424334
2375242668
2471517413
2858815710
3015786564
2862097931
2813356819
3171717632
516259278
1103841260
3000519723
2352970428
2718908403
1319951206